15 15 42 12
0 0 0 0 0 -1 G3 0 0 0 0 0 0 0 0
0 S -1 0 0 0 -1 0 0 0 0 -1 S2 -1 0
0 -1 0 0 0 0 0 0 -1 0 0 0 0 0 0
0 0 0 -1 -1 -1 0 4 0 0 0 -1 F4 0 0
0 0 0 0 0 -1 -1 F1 0 0 0 0 -1 0 0
-1 0 0 0 -1 0 0 0 0 S4 0 0 0 0 G1
0 0 0 4 0 0 0 0 0 -1 -1 -1 0 0 -1
0 0 -1 0 F4 0 -1 0 0 4 0 0 0 0 -1
G2 0 0 2 -1 0 0 0 -1 -1 0 0 -1 0 -1
-1 0 0 -1 -1 0 0 0 0 -1 0 0 0 0 0
0 0 0 0 G4 -1 -1 0 0 0 0 F3 0 0 0
0 -1 0 0 0 8 0 0 0 0 -1 0 0 -1 0
0 0 -1 0 0 -1 0 0 0 0 0 0 0 -1 0 
0 0 0 0 0 0 -1 0 0 0 0 8 -1 0 0
S1 0 0 0 -1 0 0 3 -1 S3 -1 G 0 0 0 