15 15 200 75
S 0 -1 0 0 0 0 0 0 0 0 0 0 0 0 0
0 -1 -1 -1 0 -1 -1 -1 -1 0 -1 -1 -1 -1 0
0 -1 0 F1 0 0 0 5 -1 9 0 0 S1 -1 0
0 -1 0 -1 -1 -1 -1 0 -1 0 -1 -1 -1 -1 -1
0 -1 0 -1 0 G2 0 0 -1 0 0 0 0 0 0
S2 0 0 -1 0 -1 -1 0 0 0 -1 -1 -1 -1 0
0 -1 4 0 0 -1 0 0 -1 0 0 0 0 0 0
-1 -1 -1 -1 0 -1 G1 -1 -1 0 -1 -1 -1 -1 -1
0 0 0 3 0 0 0 -1 0 0 0 0 0 0 0
0 0 -1 -1 -1 0 0 0 0 -1 -1 -1 -1 -1 0
0 -1 -1 -1 0 -1 -1 -1 -1 0 0 0 0 0 S4
0 -1 0 0 0 F1 0 0 0 0 -1 -1 -1 -1 0
0 -1 0 -1 -1 -1 -1 -1 -1 0 0 G 0 0 0
0 3 0 -1 0 0 0 0 -1 0 -1 -1 -1 -1 0
0 -1 0 -1 0 -1 -1 0 -1 0 0 0 0 0 0
0 0 0 0 0 0 0 S3 0 0 0 0 0 0 0