20 20 50 20
S 0 0 0 S8 -1 -1 S5 -1 -1 0 0 0 -1 0 0 0 G3 -1 0
0 -1 -1 0 -1 -1 0 0 0 0 0 -1 0 0 0 -1 2 -1 -1 0
0 -1 -1 0 -1 0 0 0 0 -1 -1 -1 0 0 -1 0 0 0 0 0
0 0 0 -1 -1 0 -1 0 -1 -1 0 0 -1 0 -1 0 0 -1 0 0 
0 -1 0 0 0 0 -1 0 0 0 0 0 -1 0 0 -1 0 0 0 -1
0 -1 0 -1 -1 0 -1 F1 G5 0 -1 0 -1 0 -1 F4 0 0 -1 0
0 0 0 0 -1 0 0 0 0 -1 -1 0 0 0 0 1 0 0 0 0
-1 G6 0 0 -1 5 -1 0 0 0 -1 -1 -1 0 -1 0 0 -1 0 -1
S2 -1 0 0 -1 0 0 -1 0 G8 -1 0 0 0 -1 0 0 0 0 0
F6 0 7 0 -1 0 0 0 0 -1 0 0 0 3 0 0 -1 -1 G 0
0 0 0 -1 0 0 0 -1 0 5 0 -1 -1 -1 F2 0 0 -1 -1 0
0 -1 0 0 0 -1 0 0 -1 -1 -1 0 0 -1 0 0 0 0 0 0
0 0 3 0 S3 -1 0 0 0 0 0 0 0 -1 0 0 -1 0 -1 -1
0 -1 -1 -1 -1 -1 0 F3 -1 0 -1 0 -1 0 0 0 -1 4 -1 G4
S7 0 0 -1 0 0 0 0 -1 -1 0 0 3 0 0 0 -1 0 0 0
-1 0 -1 G7 0 -1 -1 S1 0 0 0 0 -1 0 -1 2 0 0 0 0
0 0 -1 0 0 -1 -1 0 0 0 -1 -1 0 0 0 -1 0 -1 -1 0
0 -1 -1 -1 4 0 0 0 -1 0 -1 0 0 0 0 -1 0 -1 G1 0
0 0 G2 -1 0 -1 -1 0 -1 0 S4 0 -1 -1 0 0 0 0 -1 0
0 0 0 0 0 -1 0 0 -1 0 0 0 -1 S6 0 0 -1 0 0 0